   -1.0000   -1.0000   -1.0000   -1.0000   -1.0000   -1.0000   -1.0000   -1.0000   -1.0000   -1.0000   -1.0000
   -1.0000         0    1.4142    2.8284    4.2426    5.6569    7.0711    8.4853    9.8995   11.3137   -1.0000
   -1.0000    1.4142         0    1.4142    2.8284    4.2426    5.6569    7.0711    8.4853    9.8995   -1.0000
   -1.0000    2.8284    1.4142         0    1.4142    2.8284    4.2426    5.6569    7.0711    8.4853   -1.0000
   -1.0000    4.2426    2.8284    1.4142         0    1.4142    2.8284    4.2426    5.6569    7.0711   -1.0000
   -1.0000    5.6569    4.2426    2.8284    1.4142         0    1.4142    2.8284    4.2426    5.6569   -1.0000
   -1.0000    7.0711    5.6569    4.2426    2.8284    1.4142         0    1.4142    2.8284    4.2426   -1.0000
   -1.0000    8.4853    7.0711    5.6569    4.2426    2.8284    1.4142         0    1.4142    2.8284   -1.0000
   -1.0000    9.8995    8.4853    7.0711    5.6569    4.2426    2.8284    1.4142         0    1.4142   -1.0000
   -1.0000   11.3137    9.8995    8.4853    7.0711    5.6569    4.2426    2.8284    1.4142         0   -1.0000
   -1.0000   -1.0000   -1.0000   -1.0000   -1.0000   -1.0000   -1.0000   -1.0000   -1.0000   -1.0000   -1.0000