   -1.0000   -1.0000   -1.0000   -1.0000   -1.0000   -1.0000   -1.0000   -1.0000   -1.0000   -1.0000   -1.0000
   -1.0000         0    1.4142    2.6579    3.5809    4.0721    4.0721    3.5809    2.6579    1.4142   -1.0000
   -1.0000    1.4142         0    1.4142    2.6579    3.5809    4.0721    4.0721    3.5809    2.6579   -1.0000
   -1.0000    2.6579    1.4142         0    1.4142    2.6579    3.5809    4.0721    4.0721    3.5809   -1.0000
   -1.0000    3.5809    2.6579    1.4142         0    1.4142    2.6579    3.5809    4.0721    4.0721   -1.0000
   -1.0000    4.0721    3.5809    2.6579    1.4142         0    1.4142    2.6579    3.5809    4.0721   -1.0000
   -1.0000    4.0721    4.0721    3.5809    2.6579    1.4142         0    1.4142    2.6579    3.5809   -1.0000
   -1.0000    3.5809    4.0721    4.0721    3.5809    2.6579    1.4142         0    1.4142    2.6579   -1.0000
   -1.0000    2.6579    3.5809    4.0721    4.0721    3.5809    2.6579    1.4142         0    1.4142   -1.0000
   -1.0000    1.4142    2.6579    3.5809    4.0721    4.0721    3.5809    2.6579    1.4142         0   -1.0000
   -1.0000   -1.0000   -1.0000   -1.0000   -1.0000   -1.0000   -1.0000   -1.0000   -1.0000   -1.0000   -1.0000